molecular_weight: 10884.665199999992
aromaticity: 0.10638297872340424
instability: 36.560744680851045
isoelectric_point: 10.115492439270017
